0.038980327992019566	-1.5365389421429822e-17	0.08460982526514978	1.0022305590149695e-17	-1.3367026940620114e-17	5.886878983417386e-20	2.0337261063575767e-18	0.07649636227833133	1.7143946852427039e-18	0.04692877747541718	-1.3145951341386741e-17	-1.340768452208832e-17	-1.1570470059493746e-18	0.07996292059423263	2.5241581828178145e-19	-1.2993485410880967e-18	0.04816681979804169	0.02835516070063792	1.2588603662093412e-17	1.6778875652160435e-17	7.410691255527874e-18	-2.008315117939946e-18	2.322056121602939e-17	-4.3090260092720767e-17	-2.0328790734103213e-19	1.8804131429045468e-18	0.02705688230624281	-0.024097620680049614	-3.945648874899982e-17	-4.1148860577613895e-18	2.0220370516854658e-17	-6.132518538121135e-19	0.023292383792730006	3.8950810079489e-17	8.046812998915853e-19	0.02163483644061852	2.3381497476007707e-17	-6.640738306473716e-19	1.4740067348119335e-17	-0.03602146017453479	0.016233909634721676	-0.02433551554520544	1.3179832659276913e-18	4.4171074133417254e-17	7.975662231346492e-18	-2.254124079233144e-17	3.616153058418059e-17	3.899570282569348e-17	1.8758391649893735e-17	-3.136563003682674e-18
-1.5365389421429822e-17	0.12359015325716924	-4.846214304420754e-17	-2.7702212539951893e-18	0.16110618754348105	-3.9141392492621065e-18	1.4958601848510944e-18	-4.086341047438921e-17	2.419126097358281e-18	-1.2525923223996593e-17	0.12466318207637307	0.1268916980696499	-1.1163894244811678e-18	-3.2644649787180735e-18	9.852687242462022e-18	0.10831808129487047	-3.195008277043221e-18	1.9024359995331586e-17	-1.8228149024912543e-18	1.1773757966834772e-19	0.07522370210428447	-4.2404163405444784e-17	0.004257540020588333	-6.3358064454621675e-19	4.5028271476038606e-18	-5.56839459524977e-17	-2.55465136891897e-18	4.0491563010544573e-17	1.1045309632196074e-18	3.096752455161722e-18	-0.06011908085458432	-4.87890977618477e-17	1.455202603382888e-18	0.043290791940964454	0.04492722023334849	1.3711769350152614e-17	1.382357769919018e-18	-2.484178227707412e-17	-0.0027006791045869195	4.824022041202691e-17	7.452534683122236e-17	6.0647559023407904e-18	3.602939344440892e-17	-0.06051687115221544	-0.05511053049859106	7.318364664277151e-19	9.147955830346442e-19	-1.32560656245298e-18	0.026820486710346716	1.110324668578827e-16
0.08460982526514978	-4.846214304420754e-17	0.20008651553550066	5.266003833079979e-18	-8.406802001498931e-17	6.14945919706622e-19	5.949559421514221e-18	0.20927300734152285	4.882297907973787e-18	0.07996292059423263	-9.957549921332104e-17	-5.243133943504119e-18	2.0006918214146574e-17	0.15524685877028774	-6.572975670693372e-19	1.244460806106018e-17	0.1517200643826157	0.08422046061482098	4.6349642873755315e-18	-4.2231368684204906e-17	-5.65106501090179e-17	-6.640738306473716e-19	5.946848916082992e-17	-8.502516724538667e-17	8.94466792300541e-19	1.5788694136820156e-18	0.0914576117390062	-0.031763920153946454	-5.630397406988785e-17	-1.3342462985149739e-17	7.66801986490373e-17	8.436448154652831e-18	0.02163483644061852	1.273598739491566e-17	1.1909283238395463e-17	0.020591704688143073	-1.3457659465976324e-17	1.41623908780919e-18	7.067642911889882e-18	-0.08461449183226505	0.0538773690165895	-0.033475694057972495	1.517883041479706e-18	1.2422246391252667e-16	-3.1983964088322385e-18	-4.289374844895777e-17	4.4750444669339196e-17	6.256524161599164e-17	-3.491808621761128e-17	1.1858461261560205e-18
1.0022305590149695e-17	-2.7702212539951893e-18	5.266003833079979e-18	0.08590910546743676	-8.978549240895584e-19	-2.7094042883823305e-17	0.16457274585938242	-7.865547948203433e-18	-1.269871794523647e-17	6.423050839029401e-18	-2.1531577519204315e-18	-2.3954091748351614e-18	0.10485152297896928	-5.1381018580445874e-18	1.0994487655360818e-17	1.5856456772600502e-18	7.194697853978027e-18	-4.422528424204153e-17	0.024069199117992084	0.07022116126814724	8.385626177817573e-19	-8.527927712956296e-18	1.0130514049161432e-18	0.10159775703485113	2.754212331292083e-17	1.536178953140399e-17	-1.9397054492123493e-18	9.378348791999607e-18	0.004019645155432504	-0.008964577868291962	2.9002408113987244e-18	3.134021904840911e-17	7.883335640095847e-18	9.351243737687476e-19	-3.53551552183945e-18	-6.020371375904665e-17	-0.0548726356334352	8.648206391466406e-17	-1.531435568635775e-18	1.37287100090977e-17	-2.2756387160934033e-17	-1.2982643389156112e-16	6.4713317170228546e-18	8.876905287225066e-19	1.0164395367051591e-19	-0.00826150134295892	-0.03673563942077048	0.03365652859069868	8.26704156520197e-19	5.852997665527215e-18
-1.3367026940620114e-17	0.16110618754348105	-8.406802001498931e-17	-8.978549240895584e-19	0.24825333533354227	2.6427427954334175e-19	4.6349642873755315e-18	-7.393242376814435e-17	3.026279313950164e-17	-4.184342759436244e-19	0.23632988964776555	0.10831808129487047	9.723938234479366e-19	7.318364664277155e-18	5.2509266466188587e-17	0.13114923809023815	-1.7726705520137997e-17	2.6278350155617414e-17	3.930232875259952e-19	1.0130514049161432e-18	0.16795397401733753	-6.915176981384108e-17	0.048199000440286126	-2.846030702774449e-18	-9.046311876675928e-18	-8.387659056890984e-17	-2.4221754159683972e-17	6.268043809681823e-17	2.032879073410319e-19	-6.0647559023407904e-18	-0.05625933113162703	-3.5209465551466756e-17	1.4970460309772504e-17	0.10204418881463112	-0.0027006791045869265	1.5002647561768168e-17	4.512991542970912e-18	-3.302750867933968e-17	-0.010183310265242508	7.734427247968467e-17	1.337024566581968e-16	-9.581636699340645e-18	-7.250602028496808e-18	-0.09375360585074312	-0.034189873304208175	-4.2690460541616824e-19	7.995991022080591e-19	3.726944967918916e-20	0.05812147749197835	5.177742999976087e-17
5.886878983417386e-20	-3.9141392492621065e-18	6.14945919706622e-19	-2.7094042883823305e-17	2.6427427954334175e-19	0.25048185132681916	-5.780491645242247e-17	-2.871441691192078e-18	0.2694242688383515	-2.5902267527036504e-18	1.0299920638612292e-17	-6.759322919089275e-18	-2.2219368272374806e-17	2.7308342219478643e-18	0.1289207220969613	-7.129984536807799e-17	1.1587410718438829e-18	-1.626303258728258e-19	4.004771774618332e-17	-1.084710392253857e-17	1.2671612890924333e-18	0.17181891830299817	3.164515090942066e-18	2.4326786245143506e-18	0.0151046212497001	0.10561740219028354	9.757819552369538e-19	-3.2187251995663417e-18	1.8553409676658195e-17	4.070501531325266e-17	3.439631392210263e-17	-0.05085299047800275	-1.0045810754436002e-18	-2.6176706201946898e-17	-2.3967644275507608e-17	2.690176640479658e-18	3.747273758653025e-17	-0.017226079211250966	-1.8184780938013123e-16	-1.5314355686357752e-18	2.629190268277348e-18	7.087971702623985e-18	-0.09160827505420571	3.9302328752599536e-18	-1.3534908870765916e-16	7.263476929295076e-17	1.5748036555351952e-17	4.123356387233934e-18	-2.925990612995255e-17	0.05590894749387493
2.0337261063575767e-18	1.4958601848510944e-18	5.949559421514221e-18	0.16457274585938242	4.6349642873755315e-18	-5.780491645242247e-17	0.3553333743057884	2.003741140024773e-17	-8.200634182137234e-17	2.871441691192078e-18	1.0367683274392634e-18	-5.349860094858161e-18	0.2934934679563434	8.721051224930276e-17	-5.040862475699792e-17	-5.732718987017105e-18	5.942783157936171e-18	-5.687995647402078e-17	0.11995614422866951	0.10159775703485112	-3.388131789017203e-19	7.846913223363838e-18	7.440337408681774e-18	0.17583856345843077	1.5964876989849053e-17	1.360673726469308e-17	-1.2088854223213374e-17	-1.1980434005964824e-17	0.050744766556848474	0.006843119906741294	-2.38524477946811e-18	4.695950659577841e-17	-5.321060974651515e-17	4.526544070126981e-18	-1.1187611167334799e-17	-2.053207864144424e-16	-0.0875886298987731	1.3326199952562456e-16	2.764715539838036e-18	-4.3368086899420134e-19	-3.0140820395097023e-17	-2.312196658096899e-16	3.236343484869231e-17	4.960224939121182e-18	-5.719166459861037e-18	-0.01577861615410376	-0.09672190670576508	0.022252418903176276	6.0986372202309605e-19	2.3154492646143554e-17
0.07649636227833133	-4.086341047438921e-17	0.20927300734152285	-7.865547948203433e-18	-7.393242376814435e-17	-2.871441691192078e-18	2.003741140024773e-17	0.2753102176397851	-2.8223137802513287e-18	0.028355160700637923	-1.4165101383523115e-16	1.2065137300690254e-17	7.304812137121086e-17	0.08422046061482098	3.984442983884229e-18	2.967325820821265e-17	0.2525637992824872	0.09512777791570334	-2.505862271157122e-17	-4.106246321699397e-17	-8.54452955872248e-17	1.8973538018496328e-18	7.601612481838993e-17	-5.616167253474913e-17	4.072534410398676e-18	1.992221491942114e-18	0.17854055109296266	0.023703589462605566	-2.2619167823478836e-17	-2.350008208862331e-17	1.1770369835045758e-16	-5.177065373618284e-18	-0.02433551554520544	-2.525513435533422e-17	5.143184055728112e-18	-0.033475694057972495	3.9315881279755605e-17	-5.827586677109589e-19	-1.0001765041178778e-17	-0.06539844515010508	0.10628829729001989	-0.010897489511478141	-2.846030702774453e-19	1.4299271402368197e-16	-4.24465150528075e-17	-1.509751525186065e-17	1.417594340524797e-17	7.823196300840706e-18	-1.1275702593849246e-16	-4.811147140404427e-19
1.7143946852427039e-18	2.419126097358281e-18	4.882297907973787e-18	-1.269871794523647e-17	3.026279313950164e-17	0.2694242688383515	-8.200634182137234e-17	-2.8223137802513287e-18	0.3794025734237802	2.4394548880923845e-19	5.779475205705542e-17	-7.422719123378885e-17	-4.968356455414824e-17	-2.371692252312041e-18	0.2845288900880517	3.800128614561693e-17	2.8460307027744477e-19	5.4616684438957286e-18	4.107770981004455e-17	1.129603138458335e-17	-9.581636699340645e-18	0.10561740219028355	-1.1695830935687382e-17	1.9678269430611905e-17	0.11169464288571042	0.12096592782499564	-3.4558944247975473e-19	-3.632077277826441e-18	9.622294280808852e-18	5.5063917835107556e-17	-1.032702569292443e-17	0.014009127136077961	1.9109063290057016e-18	-2.947674656444965e-17	-1.9205286232865104e-16	7.15573433840433e-18	4.9276988739466177e-17	0.008290582963888182	-1.892068316258766e-16	2.059984127722458e-18	1.307818870560639e-18	-1.6534083130403946e-18	-0.09270226155033266	7.453889935837846e-18	-1.604890265821668e-16	1.7523417612796965e-16	3.2065279251258794e-17	2.024069930758876e-17	-1.7428549922704484e-17	-0.02268444536539937
0.04692877747541718	-1.2525923223996593e-17	0.07996292059423263	6.423050839029401e-18	-4.184342759436244e-19	-2.5902267527036504e-18	2.871441691192078e-18	0.028355160700637923	2.4394548880923845e-19	0.10920148926016678	2.3249360336236036e-17	-2.6872967284589933e-17	-4.5404354104619515e-17	0.186207582300001	3.2187251995663403e-19	7.453889935837843e-18	-0.02409762068004961	0.08051600743376375	5.3396956994911124e-18	1.507379832933761e-17	1.973247953923618e-17	-2.574980159653073e-18	2.059306501364655e-17	1.3230654636112168e-17	1.1722935989999515e-18	1.3755815063409836e-18	-0.03602146017453479	-0.006705815835393513	-7.056800890165027e-17	2.2124500582282325e-17	5.651403824080692e-18	1.965116437629975e-19	0.08058530606611586	4.5187513670122414e-17	-1.434534999469883e-17	0.10221533949740887	-1.8973538018496324e-18	1.4026865606531212e-18	1.3084964969184432e-17	-0.009678757114527644	-0.024495410977680553	-0.01658170356793775	-1.090978436063539e-18	6.344615588113611e-17	2.6590058280206996e-17	-1.6351124013797014e-17	4.8287654257073154e-17	9.109331127951648e-17	3.534160269123843e-17	-2.1446874224478885e-18
-1.3145951341386741e-17	0.12466318207637307	-9.957549921332104e-17	-2.1531577519204315e-18	0.23632988964776555	1.0299920638612292e-17	1.0367683274392634e-18	-1.4165101383523115e-16	5.779475205705542e-17	2.3249360336236036e-17	0.2915441272745069	0.004257540020588335	3.1712913545201005e-18	5.59990422088763e-17	-5.160802341031001e-17	0.04819900044028614	-1.403601356236156e-16	7.256023039359238e-17	-2.7647155398380367e-18	-1.717782817031721e-18	0.26315037635811256	-3.4863876108987e-17	0.07063236693802277	2.7172816947917955e-18	-2.562782885212611e-17	-3.565669894761703e-17	-1.7023329360738026e-16	6.366977257921125e-17	-3.496552006265752e-18	2.059984127722458e-18	0.014564475444127605	-6.109479241955817e-17	9.88995669214121e-18	0.18278465956835124	-0.05511053049859105	-1.1722935989999519e-18	-1.5178830414797066e-18	-2.9788454689039234e-17	-0.034189873304208175	8.81049790416033e-17	3.8394309433142926e-17	-3.9410748969848086e-17	-2.0897996874658098e-17	-0.0695307375790166	0.008484289814642942	2.0599841277224573e-18	-2.873135757086587e-18	7.521652571618186e-19	0.10509815096196103	-2.533644951827065e-17
-1.340768452208832e-17	0.1268916980696499	-5.243133943504119e-18	-2.3954091748351614e-18	0.10831808129487047	-6.759322919089275e-18	-5.349860094858161e-18	1.2065137300690254e-17	-7.422719123378885e-17	-2.6872967284589933e-17	0.004257540020588335	0.29540907156016766	-1.849919956803392e-18	-3.417947348760553e-17	5.624298769768552e-19	0.2667235897337646	4.2754835045608064e-17	-2.6651044652409306e-17	-2.3378109344218693e-18	3.418624975118356e-18	-0.06011908085458433	-1.5632162448167564e-16	0.07381019159837036	3.2526065174565133e-18	3.721523957056494e-17	-1.3392607335627194e-16	4.75287127363333e-17	3.787931340121231e-17	2.2226144535952837e-18	-1.3959102970750872e-18	-0.016384572949921173	-7.380706289195071e-17	-1.0526925468476445e-17	-0.06051687115221544	0.18280064556352477	1.814683386197613e-17	-2.8460307027744495e-18	8.646512325571886e-18	0.0856336359294711	1.3322134194415636e-17	1.8228149024912536e-18	2.995108501491206e-17	2.8270571647559516e-17	0.0014415208686344968	-0.07002482871523436	5.4210108624273994e-20	-2.4936649967166606e-18	-7.274318951019931e-18	-0.03363452499615857	2.6709998145538205e-16
-1.1570470059493746e-18	-1.1163894244811678e-18	2.0006918214146574e-17	0.10485152297896928	9.723938234479366e-19	-2.2219368272374806e-17	0.2934934679563434	7.304812137121086e-17	-4.968356455414824e-17	-4.5404354104619515e-17	3.1712913545201005e-18	-1.849919956803392e-18	0.3704379955554883	-2.816215143031098e-17	-7.33327244414883e-17	3.781155076543197e-18	-4.083376432123531e-17	1.925814108877381e-17	0.27626738874509277	0.004019645155432497	8.063753657860937e-19	2.981555974335137e-17	-2.4259023609363166e-18	0.05074476655684846	2.3879552848993235e-17	1.8295911660692887e-17	-2.8893987896738693e-17	1.1465437974034206e-17	0.08423028840422524	0.11314210594285769	7.589415207398525e-19	2.574980159653073e-17	-1.2459515840931856e-16	-1.5043305143236376e-18	3.5236570605778894e-18	-2.1690819713288123e-16	0.008895495484518474	1.1392254327391438e-16	8.673617379884031e-19	-2.4475864043860263e-17	-1.792999342747903e-17	-8.61940727125976e-17	7.174707876422826e-17	-4.147073309757055e-18	-7.074419175467916e-18	0.008402399010365364	-0.07876462872629128	-0.04493686426857559	-1.9515639104739084e-18	1.7957098481791167e-17
0.07996292059423263	-3.2644649787180735e-18	0.15524685877028774	-5.1381018580445874e-18	7.318364664277155e-18	2.7308342219478643e-18	8.721051224930276e-17	0.08422046061482098	-2.371692252312041e-18	0.186207582300001	5.59990422088763e-17	-3.417947348760553e-17	-2.816215143031098e-17	0.3759250789939313	7.453889935837843e-18	-4.3042826247674526e-17	-0.03176392015394644	0.26001777389837133	-1.0842021724855011e-19	-1.0933501283158512e-17	7.190293282652305e-17	-4.472333961502708e-19	-5.3939058081153846e-17	-1.5369921047697632e-16	-4.811147140404426e-18	8.117963766485214e-18	-0.08461449183226502	0.06413143448384269	-1.658693798631261e-16	-5.637851296924624e-18	-3.309527131512002e-17	-3.306816626080789e-18	0.10221533949740885	1.216474837528736e-16	1.600553457131726e-17	0.16621894199558687	-3.870601755773251e-17	1.8160386389132195e-18	1.679158114636925e-17	-0.005264294966758858	-0.06965598517069332	0.03219051078217447	1.3281476612947422e-18	8.294146619514109e-17	3.973600962159374e-17	-1.029992063861228e-18	2.9680034471790647e-17	1.7077539469362302e-16	8.673617379884035e-17	2.3039296165316945e-19
2.5241581828178145e-19	9.852687242462022e-18	-6.572975670693372e-19	1.0994487655360818e-17	5.2509266466188587e-17	0.1289207220969613	-5.040862475699792e-17	3.984442983884229e-18	0.2845288900880517	3.2187251995663403e-19	-5.160802341031001e-17	5.624298769768552e-19	-7.33327244414883e-17	7.453889935837843e-18	0.36217649421252945	-1.3389896830195983e-17	-1.829591166069289e-18	1.8973538018496282e-19	-8.687169907040104e-17	3.163159838226459e-17	3.0628711372715496e-18	-0.050852990478002756	7.974306978630885e-17	5.2922618544448685e-17	0.27771485180224015	0.014009127136077958	1.1926223897340545e-18	-7.589415207398531e-18	2.5207700510287978e-17	-8.89316831981235e-17	-6.857578740970816e-17	0.07911665675266576	-2.6359665318553827e-18	-3.3637372401362775e-17	-1.4212535228569356e-16	-6.234162491791654e-19	1.6127507315721878e-17	0.11325392198933475	-1.4522888100443332e-16	-1.2468324983583309e-18	-3.361026734705065e-18	-4.906014830496908e-18	0.022833128308559818	-8.429671891074792e-18	-1.2210826967617994e-16	1.9252720077911345e-16	5.64327230778705e-17	1.2129511804681579e-18	-1.7035526635178488e-17	-0.07428236873582263
-1.2993485410880967e-18	0.10831808129487047	1.244460806106018e-17	1.5856456772600502e-18	0.13114923809023815	-7.129984536807799e-17	-5.732718987017105e-18	2.967325820821265e-17	3.800128614561693e-17	7.453889935837843e-18	0.04819900044028614	0.2667235897337646	3.781155076543197e-18	-4.3042826247674526e-17	-1.3389896830195983e-17	0.36921926315853765	5.994960387487036e-17	-4.9290541266622245e-17	7.047314121155775e-19	-2.358139725155972e-18	-0.056259331131627045	-1.3148661846817955e-16	0.2503390167838437	8.063753657860939e-18	-1.5612511283791264e-17	-2.1982199047143602e-16	8.016319812814698e-17	3.241764495731658e-17	-3.550762114890028e-18	1.219727444046192e-18	0.07525171246700482	-1.1478990501190278e-16	1.129603138458335e-17	-0.09375360585074312	0.0856336359294711	2.9802007216195303e-17	-1.653408313040395e-18	1.1980434005964827e-17	0.11277581684829029	1.1113072267976419e-17	4.517057301117733e-17	1.7265919596831658e-17	-3.474867962816042e-17	0.01925991493290729	0.0195792328723976	-1.897353801849635e-18	8.077306185017006e-18	-3.930232875259955e-19	-0.07378827759960485	2.2272223128283475e-16
0.04816681979804169	-3.195008277043221e-18	0.1517200643826157	7.194697853978027e-18	-1.7726705520137997e-17	1.1587410718438829e-18	5.942783157936171e-18	0.2525637992824872	2.8460307027744477e-19	-0.02409762068004961	-1.403601356236156e-16	4.2754835045608064e-17	-4.083376432123531e-17	-0.03176392015394644	-1.829591166069289e-18	5.994960387487036e-17	0.3021307043501318	0.023703589462605573	6.396792817664487e-18	1.9881557337952938e-17	-1.0778324847221521e-16	5.082197683525801e-19	6.757290040015906e-17	-1.530080315920168e-17	-3.428789370485408e-18	7.860465750519904e-19	0.2673944848335014	0.0614932529195448	3.745918505937418e-17	1.9447876468958736e-17	6.583817692418226e-17	-8.023096076392733e-18	-0.030775014953385575	-5.427109499647753e-17	-5.319366908757006e-18	-0.0558247097448267	-5.2339859876737727e-17	-2.249719507907422e-18	-1.8336569242161094e-17	0.010432183015215982	0.18159451324029202	-0.014808093978087055	-6.2883726004159265e-18	6.066111155056397e-17	-5.17435486818707e-17	-1.5409223376450232e-17	-1.0842021724855041e-17	-1.5304191290990692e-17	-1.1542687378823802e-16	-2.4665599424045226e-18
0.02835516070063792	1.9024359995331586e-17	0.08422046061482098	-4.422528424204153e-17	2.6278350155617414e-17	-1.626303258728258e-19	-5.687995647402078e-17	0.09512777791570334	5.4616684438957286e-18	0.08051600743376375	7.256023039359238e-17	-2.6651044652409306e-17	1.925814108877381e-17	0.26001777389837133	1.8973538018496282e-19	-4.9290541266622245e-17	0.023703589462605573	0.3595405060440104	3.1929753979698106e-17	-7.314298906130334e-17	1.0989744270856194e-16	-2.331034670843835e-18	-1.0842021724855044e-16	-1.676989710291954e-16	-8.402566836762665e-19	4.3639137442541546e-18	-0.06539844515010504	0.261459294767006	-1.3777499106859548e-16	-2.1494308069525125e-17	-7.72494047895922e-18	1.1573858191282758e-17	-0.016581703567937745	1.3735486272675734e-16	3.0127267867940954e-17	0.032190510782174456	-9.394611824586896e-17	-3.1712913545201012e-18	1.83772268236293e-17	0.09977592236667128	-0.09788589827965463	0.10016453893851351	-3.2526065174565145e-18	5.139118297581291e-17	2.087089182034596e-17	4.569912157026401e-17	-4.071179157683069e-17	6.574330923408978e-17	5.809968391806697e-17	-1.3145951341386745e-18
1.2588603662093412e-17	-1.8228149024912543e-18	4.6349642873755315e-18	0.024069199117992084	3.930232875259952e-19	4.004771774618332e-17	0.11995614422866951	-2.505862271157122e-17	4.107770981004455e-17	5.3396956994911124e-18	-2.7647155398380367e-18	-2.3378109344218693e-18	0.27626738874509277	-1.0842021724855011e-19	-8.687169907040104e-17	7.047314121155775e-19	6.396792817664487e-18	3.1929753979698106e-17	0.3636239572696763	-0.054872635633435196	4.0657581468206387e-19	3.747273758653025e-17	-7.399679827213568e-18	-0.08758862989877308	-3.2065279251258794e-17	4.1904413966564746e-17	1.7550522667109103e-17	1.5666721392415582e-17	0.008895495484518472	0.27782666784871707	7.643625316022805e-18	6.0444271116066864e-18	-3.039831841106233e-17	1.9651164376299764e-18	2.26327203506349e-18	-7.337338202295651e-17	0.09305428957670696	9.974659986866641e-18	6.234162491791644e-19	-7.074419175467916e-17	-1.519238294195313e-17	-1.4474099002681484e-16	2.6129272356900657e-17	3.1441863002079617e-18	-1.7347234759768082e-18	0.10716847445662164	0.031737903866479594	-0.02934550446724706	-3.1848438816761697e-18	-2.1589175759617607e-17
1.6778875652160435e-17	1.1773757966834772e-19	-4.2231368684204906e-17	0.07022116126814724	1.0130514049161432e-18	-1.084710392253857e-17	0.10159775703485112	-4.106246321699397e-17	1.129603138458335e-17	1.507379832933761e-17	-1.717782817031721e-18	3.418624975118356e-18	0.004019645155432497	-1.0933501283158512e-17	3.163159838226459e-17	-2.358139725155972e-18	1.9881557337952938e-17	-7.314298906130334e-17	-0.054872635633435196	0.11956563405813546	6.539094352803198e-19	-2.233795288499041e-17	-1.8092623753351855e-18	0.18682516476255848	5.068645156369733e-18	6.254491282525754e-18	2.9219248548484344e-17	-6.572975670693371e-19	0.05991465871039356	-0.036735639420770475	3.049318610115479e-19	1.4121733296623695e-17	8.733248499370738e-17	9.927226141820398e-19	1.5924219408380837e-19	1.85940672581264e-16	-0.005276305349254959	2.625802136488331e-17	-1.3959102970750872e-18	5.376287522812495e-17	7.755433665060377e-18	-6.184018141314196e-17	-1.2197274440461929e-18	-2.181956872127078e-18	-1.3552527156068832e-19	-0.0051136316515594405	0.014445604396466045	0.08702968487380207	-3.6591823321385784e-19	-1.9146332739736205e-17
7.410691255527874e-18	0.07522370210428447	-5.65106501090179e-17	8.385626177817573e-19	0.16795397401733753	1.2671612890924333e-18	-3.388131789017203e-19	-8.54452955872248e-17	-9.581636699340645e-18	1.973247953923618e-17	0.26315037635811256	-0.06011908085458433	8.063753657860937e-19	7.190293282652305e-17	3.0628711372715496e-18	-0.056259331131627045	-1.0778324847221521e-16	1.0989744270856194e-16	4.0657581468206387e-19	6.539094352803198e-19	0.30637481282552087	3.1218246304004493e-17	0.014564475444127605	3.252606517456511e-19	4.129455024454165e-17	-8.334804200982312e-18	-1.8886801844697487e-16	6.549936374528054e-17	-1.5856456772600506e-18	1.4230153513872242e-18	0.057360960490633224	-2.0952206983282373e-17	-1.9857840415429817e-17	0.266204338505442	-0.03148919419962125	-3.957337929572091e-17	8.131516293641228e-20	-3.164515090942066e-17	-0.036442930418705596	4.2039939238125434e-17	-1.1262150066693179e-17	-4.527899322842588e-17	-1.870248747537465e-18	0.005536881810562298	0.00826865286443216	3.1306337730518925e-18	2.0599841277224577e-18	-5.996993266560447e-19	0.1805885145727767	-2.1948317729253437e-17
-2.008315117939946e-18	-4.2404163405444784e-17	-6.640738306473716e-19	-8.527927712956296e-18	-6.915176981384108e-17	0.17181891830299817	7.846913223363838e-18	1.8973538018496328e-18	0.10561740219028355	-2.574980159653073e-18	-3.4863876108987e-17	-1.5632162448167564e-16	2.981555974335137e-17	-4.472333961502708e-19	-0.050852990478002756	-1.3148661846817955e-16	5.082197683525801e-19	-2.331034670843835e-18	3.747273758653025e-17	-2.233795288499041e-17	3.1218246304004493e-17	0.30639079882069353	-8.248068027183475e-17	-5.154026077452967e-17	-0.09160827505420571	0.24673982347295198	1.314595134138674e-18	2.3039296165316965e-18	-1.452830911130576e-17	1.677802861921318e-17	2.2578510242010636e-17	0.05463835336113862	1.5924219408380846e-18	4.722378087532175e-17	1.5878818442408016e-16	-4.716279450311944e-18	1.5151725360484924e-17	-0.041849271072330003	-3.937009138837987e-17	9.757819552369534e-19	6.572975670693363e-19	-8.95822045016148e-18	0.009169299047211064	3.8353651851674744e-17	-5.5456941122633564e-17	-6.78168458889683e-17	1.8973538018496263e-19	-1.0855574252011113e-17	2.7105054312137625e-19	0.18770900271630417
2.322056121602939e-17	0.004257540020588333	5.946848916082992e-17	1.0130514049161432e-18	0.048199000440286126	3.164515090942066e-18	7.440337408681774e-18	7.601612481838993e-17	-1.1695830935687382e-17	2.059306501364655e-17	0.07063236693802277	0.07381019159837036	-2.4259023609363166e-18	-5.3939058081153846e-17	7.974306978630885e-17	0.2503390167838437	6.757290040015906e-17	-1.0842021724855044e-16	-7.399679827213568e-18	-1.8092623753351855e-18	0.014564475444127605	-8.248068027183475e-17	0.3706607840271726	-3.52365706057789e-18	-9.904186845655083e-17	-1.0931468404085098e-16	9.108653501593844e-17	-1.3435975422526614e-16	6.261267546103787e-18	-9.215718466126795e-19	0.2859835046666723	-8.754932542820448e-17	2.8324781756183803e-17	-0.06953073757901661	-0.07002482871523433	4.5428071027142636e-17	2.6562953225894847e-18	-4.7433845046240796e-18	0.01957923287239759	-1.2132222310112795e-16	1.6447346956605102e-16	1.680513367352532e-17	-1.1167282376600696e-16	0.11292480639997979	0.10403350622789667	-3.683788541156909e-33	-7.047314121155794e-19	2.2361669807513505e-19	-0.10278119948430835	1.1763593571467726e-17
-4.3090260092720767e-17	-6.3358064454621675e-19	-8.502516724538667e-17	0.10159775703485113	-2.846030702774449e-18	2.4326786245143506e-18	0.17583856345843077	-5.616167253474913e-17	1.9678269430611905e-17	1.3230654636112168e-17	2.7172816947917955e-18	3.2526065174565133e-18	0.05074476655684846	-1.5369921047697632e-16	5.2922618544448685e-17	8.063753657860939e-18	-1.530080315920168e-17	-1.676989710291954e-16	-0.08758862989877308	0.18682516476255848	3.252606517456511e-19	-5.154026077452967e-17	-3.52365706057789e-18	0.3663054575310876	3.1956859034010243e-17	-7.043248363008958e-17	4.9426066538182933e-17	-3.7513395167998453e-17	0.24146351812369715	-0.09672190670576508	-1.8973538018496395e-19	-7.104234735211268e-17	1.7097868260096405e-16	1.01643953670516e-18	-9.86623976961809e-18	7.441692661397381e-17	0.06908395775760473	6.719342963978914e-17	-1.1980434005964824e-17	1.8512752095189988e-17	3.9410748969848086e-17	2.4340338772299562e-17	-3.995285005609084e-17	-2.710505431213847e-20	-3.794707603699273e-19	-0.02791163824828861	0.029272175971315966	0.1006793178425022	-7.318364664277159e-19	7.304812137121086e-18
-2.0328790734103213e-19	4.5028271476038606e-18	8.94466792300541e-19	2.754212331292083e-17	-9.046311876675928e-18	0.0151046212497001	1.5964876989849053e-17	4.072534410398676e-18	0.11169464288571042	1.1722935989999515e-18	-2.562782885212611e-17	3.721523957056494e-17	2.3879552848993235e-17	-4.811147140404426e-18	0.27771485180224015	-1.5612511283791264e-17	-3.428789370485408e-18	-8.402566836762665e-19	-3.2065279251258794e-17	5.068645156369733e-18	4.129455024454165e-17	-0.09160827505420571	-9.904186845655083e-17	3.1956859034010243e-17	0.36373577331615364	-0.09270226155033263	-5.556536133988211e-18	-5.692061405548907e-19	7.247891523065597e-17	-1.4330442214827155e-16	5.345116710353537e-17	0.022833128308559804	-8.87690528722507e-19	-3.144186300207963e-17	3.1360547839143216e-17	-2.7105054312137664e-19	2.959871930885427e-17	0.27174122031600456	-9.559952655890935e-17	2.71050543121375e-19	3.4152368433293374e-18	2.7105054312137603e-18	0.1019590651346267	-5.957690937807847e-17	-2.0312527701515926e-16	1.5810378180269868e-16	2.8406096919120216e-17	-2.961227183601034e-17	-2.4259023609363162e-17	-0.005935322202489076
1.8804131429045468e-18	-5.56839459524977e-17	1.5788694136820156e-18	1.536178953140399e-17	-8.387659056890984e-17	0.10561740219028354	1.360673726469308e-17	1.992221491942114e-18	0.12096592782499564	1.3755815063409836e-18	-3.565669894761703e-17	-1.3392607335627194e-16	1.8295911660692887e-17	8.117963766485214e-18	0.014009127136077958	-2.1982199047143602e-16	7.860465750519904e-19	4.3639137442541546e-18	4.1904413966564746e-17	6.254491282525754e-18	-8.334804200982312e-18	0.24673982347295198	-1.0931468404085098e-16	-7.043248363008958e-17	-0.09270226155033263	0.36102915218183246	-3.588544259043609e-34	2.03287907341032e-18	-6.619054263024005e-17	4.3720452605477966e-17	-3.474867962816042e-17	0.2559091225201631	2.0599841277224584e-18	4.777265822514254e-17	-4.067113399536247e-17	5.5565361339882095e-18	1.5395670849294163e-17	-0.08278427388172377	1.8843433757798067e-16	1.5720931501039805e-18	-1.7347234759768086e-18	-1.3281476612947437e-18	0.08918683468170935	2.141299290658872e-17	1.1817803680091998e-16	-6.236872997222864e-17	6.776263578034401e-18	1.6859343782149594e-17	4.868067754459915e-17	0.07279483894651549
0.02705688230624281	-2.55465136891897e-18	0.0914576117390062	-1.9397054492123493e-18	-2.4221754159683972e-17	9.757819552369538e-19	-1.2088854223213374e-17	0.17854055109296266	-3.4558944247975473e-19	-0.03602146017453479	-1.7023329360738026e-16	4.75287127363333e-17	-2.8893987896738693e-17	-0.08461449183226502	1.1926223897340545e-18	8.016319812814698e-17	0.2673944848335014	-0.06539844515010504	1.7550522667109103e-17	2.9219248548484344e-17	-1.8886801844697487e-16	1.314595134138674e-18	9.108653501593844e-17	4.9426066538182933e-17	-5.556536133988211e-18	-3.588544259043609e-34	0.30518466649746145	0.010432183015215982	1.328147661294743e-17	-9.856753000608842e-17	4.1931519020876884e-17	-2.7105054312137664e-19	-0.0007141792462356707	-2.0168870913661596e-16	-3.196363529758828e-17	-0.012107414873500151	3.3339216803929277e-18	5.09575021068187e-18	-4.048139861517752e-17	0.052465659285979634	0.26519833983792634	-0.013366183576186373	3.794707603699265e-18	-1.2739375526704685e-18	-3.312237636943216e-17	-5.488773498207866e-17	-9.215718466126755e-18	-7.955333440612389e-18	-2.3445871979999033e-16	2.8731357570865864e-18
-0.024097620680049614	4.0491563010544573e-17	-0.031763920153946454	9.378348791999607e-18	6.268043809681823e-17	-3.2187251995663417e-18	-1.1980434005964824e-17	0.023703589462605566	-3.632077277826441e-18	-0.006705815835393513	6.366977257921125e-17	3.787931340121231e-17	1.1465437974034206e-17	0.06413143448384269	-7.589415207398531e-18	3.241764495731658e-17	0.0614932529195448	0.261459294767006	1.5666721392415582e-17	-6.572975670693371e-19	6.549936374528054e-17	2.3039296165316965e-18	-1.3435975422526614e-16	-3.7513395167998453e-17	-5.692061405548907e-19	2.03287907341032e-18	0.010432183015215982	0.39518499392683887	-1.1102230246251565e-16	-6.773553072603189e-17	-5.567378155713065e-17	-9.43255890062389e-18	-0.05344312514729663	6.67326437164828e-17	1.3335686721571705e-17	-0.08263610662501121	-1.308089921103761e-16	-4.5536491244391194e-18	3.404394821604484e-17	0.29913238869998043	-0.07442603878367039	0.02344820016178074	6.993104012531502e-18	-3.8868647883605334e-17	4.1741783640691905e-18	1.4257258568184386e-17	-2.450296909817239e-17	-4.523833564695767e-17	4.252783021574391e-17	2.547875105340935e-18
-3.945648874899982e-17	1.1045309632196074e-18	-5.630397406988785e-17	0.004019645155432504	2.032879073410319e-19	1.8553409676658195e-17	0.050744766556848474	-2.2619167823478836e-17	9.622294280808852e-18	-7.056800890165027e-17	-3.496552006265752e-18	2.2226144535952837e-18	0.08423028840422524	-1.658693798631261e-16	2.5207700510287978e-17	-3.550762114890028e-18	3.745918505937418e-17	-1.3777499106859548e-16	0.008895495484518472	0.05991465871039356	-1.5856456772600506e-18	-1.452830911130576e-17	6.261267546103787e-18	0.24146351812369715	7.247891523065597e-17	-6.619054263024005e-17	1.328147661294743e-17	-1.1102230246251565e-16	0.3754747565782988	-0.0787646287262913	3.794707603699254e-19	-9.790345617544105e-17	-6.712566700400879e-17	1.3552527156068755e-19	-1.002887009549092e-18	8.700722434196176e-18	0.2760119994442681	7.383416794626285e-17	-5.610746242612486e-18	-4.22296746183104e-17	6.749158523722265e-17	2.5787748672567723e-16	-1.3498317047444532e-17	-1.843143693225359e-18	-4.33680868994203e-19	-0.07387949832380407	0.10341943619500688	-0.027884478895986754	7.318364664277149e-19	2.924635360279648e-17
-4.1148860577613895e-18	3.096752455161722e-18	-1.3342462985149739e-17	-0.008964577868291962	-6.0647559023407904e-18	4.070501531325266e-17	0.006843119906741294	-2.350008208862331e-17	5.5063917835107556e-17	2.2124500582282325e-17	2.059984127722458e-18	-1.3959102970750872e-18	0.11314210594285769	-5.637851296924624e-18	-8.89316831981235e-17	1.219727444046192e-18	1.9447876468958736e-17	-2.1494308069525125e-17	0.27782666784871707	-0.036735639420770475	1.4230153513872242e-18	1.677802861921318e-17	-9.215718466126795e-19	-0.09672190670576508	-1.4330442214827155e-16	4.3720452605477966e-17	-9.856753000608842e-17	-6.773553072603189e-17	-0.0787646287262913	0.3576503257834413	-8.836247705756863e-18	5.936006894358137e-17	4.338841569015428e-17	-6.938893903907228e-18	3.2932640989247193e-18	3.607682728945516e-17	0.03173790386647957	-2.150515009124998e-16	7.860465750519898e-19	1.4994516045474526e-16	-2.951740414591786e-17	-1.1736488517155585e-16	3.1008182133085427e-17	-4.44522890719057e-18	-1.5178830414797074e-18	0.2718939442812149	0.09763410761320218	0.023410182264757988	6.071532165918824e-18	-4.0996394647108136e-17
2.0220370516854658e-17	-0.06011908085458432	7.66801986490373e-17	2.9002408113987244e-18	-0.05625933113162703	3.439631392210263e-17	-2.38524477946811e-18	1.1770369835045758e-16	-1.032702569292443e-17	5.651403824080692e-18	0.014564475444127605	-0.016384572949921173	7.589415207398525e-19	-3.309527131512002e-17	-6.857578740970816e-17	0.07525171246700482	6.583817692418226e-17	-7.72494047895922e-18	7.643625316022805e-18	3.049318610115479e-19	0.057360960490633224	2.2578510242010636e-17	0.2859835046666723	-1.8973538018496395e-19	5.345116710353537e-17	-3.474867962816042e-17	4.1931519020876884e-17	-5.567378155713065e-17	3.794707603699254e-19	-8.836247705756863e-18	0.4083338779601474	-1.222980050563649e-16	-1.1085967213664283e-17	0.005536881810562295	-0.06605440305707341	1.3606737264693079e-17	3.523657060577888e-18	-6.228741480929223e-17	-0.07876713933562814	-1.6382294826255972e-16	1.7889335846010823e-16	6.993104012531504e-17	-2.9658350428340974e-16	0.29361728485049704	0.027094224599453178	5.854691731421719e-18	-2.3852447794681117e-18	1.504330514323637e-18	-0.07326731615094385	-4.8057261295419996e-17
-6.132518538121135e-19	-4.87890977618477e-17	8.436448154652831e-18	3.134021904840911e-17	-3.5209465551466756e-17	-0.05085299047800275	4.695950659577841e-17	-5.177065373618284e-18	0.014009127136077961	1.965116437629975e-19	-6.109479241955817e-17	-7.380706289195071e-17	2.574980159653073e-17	-3.306816626080789e-18	0.07911665675266576	-1.1478990501190278e-16	-8.023096076392733e-18	1.1573858191282758e-17	6.0444271116066864e-18	1.4121733296623695e-17	-2.0952206983282373e-17	0.05463835336113862	-8.754932542820448e-17	-7.104234735211268e-17	0.022833128308559804	0.2559091225201631	-2.7105054312137664e-19	-9.43255890062389e-18	-9.790345617544105e-17	5.936006894358137e-17	-1.222980050563649e-16	0.3955776335024033	-1.0028870095490918e-18	9.324138683375344e-18	-6.773553072603189e-17	-3.903127820947817e-18	-1.3254371558635292e-16	-0.06985985316837161	1.1123914289701275e-16	3.79470760369925e-19	-3.7947076036992896e-19	-5.204170427930423e-18	0.29024460095756566	-5.1336972867188635e-17	9.93129189996722e-17	9.134403303190375e-17	-9.248244531301353e-17	2.008484524529397e-17	6.266688556966216e-17	-0.07182492183803182
0.023292383792730006	1.455202603382888e-18	0.02163483644061852	7.883335640095847e-18	1.4970460309772504e-17	-1.0045810754436002e-18	-5.321060974651515e-17	-0.02433551554520544	1.9109063290057016e-18	0.08058530606611586	9.88995669214121e-18	-1.0526925468476445e-17	-1.2459515840931856e-16	0.10221533949740885	-2.6359665318553827e-18	1.129603138458335e-17	-0.030775014953385575	-0.016581703567937745	-3.039831841106233e-17	8.733248499370738e-17	-1.9857840415429817e-17	1.5924219408380846e-18	2.8324781756183803e-17	1.7097868260096405e-16	-8.87690528722507e-19	2.0599841277224584e-18	-0.0007141792462356707	-0.05344312514729663	-6.712566700400879e-17	4.338841569015428e-17	-1.1085967213664283e-17	-1.0028870095490918e-18	0.1260100128658216	-2.0403329633461587e-17	-3.61242611345014e-17	0.18528914310765204	2.0477868532819953e-17	-7.318364664277157e-19	7.962109704190423e-18	-0.012611277909776794	0.019381779326121135	0.04861188338234445	1.7482760031328755e-18	2.802662615875029e-17	5.1906179007743525e-18	1.924458856161769e-18	6.114900252818245e-17	1.5400753046977689e-16	-5.04831636563563e-18	2.202285662861181e-18
3.8950810079489e-17	0.043290791940964454	1.273598739491566e-17	9.351243737687476e-19	0.10204418881463112	-2.6176706201946898e-17	4.526544070126981e-18	-2.525513435533422e-17	-2.947674656444965e-17	4.5187513670122414e-17	0.18278465956835124	-0.06051687115221544	-1.5043305143236376e-18	1.216474837528736e-16	-3.3637372401362775e-17	-0.09375360585074312	-5.427109499647753e-17	1.3735486272675734e-16	1.9651164376299764e-18	9.927226141820398e-19	0.266204338505442	4.722378087532175e-17	-0.06953073757901661	1.01643953670516e-18	-3.144186300207963e-17	4.777265822514254e-17	-2.0168870913661596e-16	6.67326437164828e-17	1.3552527156068755e-19	-6.938893903907228e-18	0.005536881810562295	9.324138683375344e-18	-2.0403329633461587e-17	0.304178667829946	0.01866760007988546	-5.963111948670274e-17	8.131516293641213e-20	4.1009947174264205e-17	0.010969331969019088	-8.483881999699072e-18	-2.1984909552574816e-16	-6.69494841509799e-17	-2.8297676701871666e-17	0.05362438191870602	-0.0003291155893549452	-6.8846837952829555e-18	6.261267546103787e-18	6.91178884959509e-19	0.26592958292121366	-3.0086610286472744e-18
8.046812998915853e-19	0.04492722023334849	1.1909283238395463e-17	-3.53551552183945e-18	-0.0027006791045869265	-2.3967644275507608e-17	-1.1187611167334799e-17	5.143184055728112e-18	-1.9205286232865104e-16	-1.434534999469883e-17	-0.05511053049859105	0.18280064556352477	3.5236570605778894e-18	1.600553457131726e-17	-1.4212535228569356e-16	0.0856336359294711	-5.319366908757006e-18	3.0127267867940954e-17	2.26327203506349e-18	1.5924219408380837e-19	-0.03148919419962125	1.5878818442408016e-16	-0.07002482871523433	-9.86623976961809e-18	3.1360547839143216e-17	-4.067113399536247e-17	-3.196363529758828e-17	1.3335686721571705e-17	-1.002887009549092e-18	3.2932640989247193e-18	-0.06605440305707341	-6.773553072603189e-17	-3.61242611345014e-17	0.01866760007988546	0.31129915597347363	-3.938364391553595e-17	1.8973538018496267e-19	4.469623456071492e-17	0.2339010264899964	1.2088854223213374e-17	-6.909078344163877e-17	-2.200930410145574e-17	6.76000054544712e-17	-0.008742310620393759	0.0528382602383412	-2.9815559743351555e-19	2.0870891820345953e-18	2.2768245622195593e-18	0.0424585261686403	3.7068872277279397e-16
